{"1b5ae67e2ffb387341fbc1e2da054acb_00": {"rotation": [[0.13597944378852844, 0.0, -0.9907116889953613], [-0.4836176037788391, 0.8727588057518005, -0.06637860089540482], [0.8646522760391235, 0.4881517291069031, 0.11867725104093552]], "translation": [0.6280515789985657, 0.35457542538642883, 0.08620278537273407]}, "1b5ae67e2ffb387341fbc1e2da054acb_01": {"rotation": [[0.9259961843490601, -0.0, 0.37753280997276306], [0.17262467741966248, 0.8893412351608276, -0.42340636253356934], [-0.33575549721717834, 0.4572441577911377, 0.8235265612602234]], "translation": [-0.2798197865486145, 0.3810688555240631, 0.6863298416137695]}, "1b5ae67e2ffb387341fbc1e2da054acb_02": {"rotation": [[0.11727925390005112, 0.0, -0.9930989742279053], [-0.4577336013317108, 0.8874446153640747, -0.05405569449067116], [0.8813202977180481, 0.46091440320014954, 0.10407883673906326]], "translation": [0.678001344203949, 0.3545823097229004, 0.08006804436445236]}, "1b5ae67e2ffb387341fbc1e2da054acb_03": {"rotation": [[-0.4670664370059967, 0.0, 0.8842222094535828], [0.4122243821620941, 0.88467937707901, 0.21774636209011078], [-0.7822531461715698, 0.46619996428489685, -0.41320404410362244]], "translation": [-0.6730027198791504, 0.4010899066925049, -0.3554954528808594]}, "1b5ae67e2ffb387341fbc1e2da054acb_04": {"rotation": [[0.9466593861579895, -0.0, 0.322236031293869], [0.1563742607831955, 0.8743595480918884, -0.45939359068870544], [-0.2817501425743103, 0.4852786660194397, 0.8277206420898438]], "translation": [-0.25680217146873474, 0.4423089325428009, 0.7544289231300354]}, "1b5ae67e2ffb387341fbc1e2da054acb_05": {"rotation": [[-0.2361951619386673, 0.0, 0.9717056155204773], [0.44488582015037537, 0.8890345692634583, 0.10813961923122406], [-0.8638798594474792, 0.45784011483192444, -0.2099856585264206]], "translation": [-0.6749663949012756, 0.3577195107936859, -0.16406592726707458]}, "1b5ae67e2ffb387341fbc1e2da054acb_06": {"rotation": [[0.10064414888620377, 0.0, -0.9949224591255188], [-0.47372645139694214, 0.8793672919273376, -0.04792111739516258], [0.8749022483825684, 0.47614407539367676, 0.08850317448377609]], "translation": [0.751922070980072, 0.40921512246131897, 0.07606276869773865]}, "1b5ae67e2ffb387341fbc1e2da054acb_07": {"rotation": [[-0.8876166939735413, 0.0, 0.4605829119682312], [0.21550104022026062, 0.883787989616394, 0.41530486941337585], [-0.40705764293670654, 0.46788763999938965, -0.784464955329895]], "translation": [-0.37302154302597046, 0.4287652373313904, -0.7188719511032104]}, "1b5ae67e2ffb387341fbc1e2da054acb_08": {"rotation": [[0.5825046896934509, -0.0, 0.8128273487091064], [0.3644227981567383, 0.8938632011413574, -0.2611599862575531], [-0.7265564799308777, 0.4483397305011749, 0.5206795334815979]], "translation": [-0.6669390797615051, 0.4115513265132904, 0.47795528173446655]}, "1b5ae67e2ffb387341fbc1e2da054acb_09": {"rotation": [[-0.7874707579612732, 0.0, -0.6163519620895386], [-0.27442118525505066, 0.8954139947891235, 0.3506091833114624], [0.5518901944160461, 0.4452345371246338, -0.7051123380661011]], "translation": [0.5171682834625244, 0.4172228276729584, -0.6607505679130554]}, "1b5ae67e2ffb387341fbc1e2da054acb_10": {"rotation": [[-0.9941466450691223, 0.0, 0.10803908854722977], [0.050150901079177856, 0.885734498500824, 0.46147510409355164], [-0.09569395333528519, 0.4641921818256378, -0.880549967288971]], "translation": [-0.0797947496175766, 0.38706833124160767, -0.7342497706413269]}, "1b5ae67e2ffb387341fbc1e2da054acb_11": {"rotation": [[-0.8337093591690063, 0.0, -0.5522034764289856], [-0.26430609822273254, 0.8780118227005005, 0.39904576539993286], [0.4848411977291107, 0.4786389470100403, -0.7320066690444946]], "translation": [0.32108232378959656, 0.316974937915802, -0.4847657382488251]}, "1b5ae67e2ffb387341fbc1e2da054acb_12": {"rotation": [[-0.9922798275947571, 0.0, 0.12401918321847916], [0.05310245230793953, 0.9036937952041626, 0.4248737394809723], [-0.11207535862922668, 0.4281793534755707, -0.8967170715332031]], "translation": [-0.08971855789422989, 0.3427661061286926, -0.7178398966789246]}, "1b5ae67e2ffb387341fbc1e2da054acb_13": {"rotation": [[0.1822282373905182, -0.0, 0.9832562804222107], [0.43820083141326904, 0.8952008485794067, -0.0812123641371727], [-0.8802118301391602, 0.44566288590431213, 0.16313087940216064]], "translation": [-0.7172892689704895, 0.3631730377674103, 0.13293622434139252]}, "1b5ae67e2ffb387341fbc1e2da054acb_14": {"rotation": [[0.2869284451007843, -0.0, 0.9579520225524902], [0.4753413200378418, 0.8682049512863159, -0.14237554371356964], [-0.8316987156867981, 0.49620577692985535, 0.24911269545555115]], "translation": [-0.5624566674232483, 0.3355713486671448, 0.16846857964992523]}, "1b5ae67e2ffb387341fbc1e2da054acb_15": {"rotation": [[0.15095631778240204, -0.0, 0.9885404109954834], [0.4518807530403137, 0.8894054889678955, -0.06900501996278763], [-0.879213273525238, 0.4571191370487213, 0.1342613697052002]], "translation": [-0.7981393337249756, 0.4149673283100128, 0.12188088148832321]}, "1b5ae67e2ffb387341fbc1e2da054acb_16": {"rotation": [[0.9100286960601807, 0.0, -0.4145452678203583], [-0.20630775392055511, 0.8673650622367859, -0.45289620757102966], [0.35956206917762756, 0.4976724684238434, 0.789327085018158]], "translation": [0.33587464690208435, 0.46488651633262634, 0.7373273968696594]}, "1b5ae67e2ffb387341fbc1e2da054acb_17": {"rotation": [[-0.07504140585660934, 0.0, -0.9971804022789001], [-0.4973917007446289, 0.8667182326316833, 0.03743050992488861], [0.8642744421958923, 0.49879810214042664, -0.0650397539138794]], "translation": [0.7735886573791504, 0.44646066427230835, -0.058215320110321045]}, "1b5ae67e2ffb387341fbc1e2da054acb_18": {"rotation": [[0.9822422862052917, -0.0, 0.18761679530143738], [0.09259238839149475, 0.8697352409362793, -0.48475486040115356], [-0.16317693889141083, 0.4935186207294464, 0.8542907238006592]], "translation": [-0.1510545015335083, 0.45685505867004395, 0.790825366973877]}, "1b5ae67e2ffb387341fbc1e2da054acb_19": {"rotation": [[-0.6328641176223755, 0.0, -0.7742629051208496], [-0.34688860177993774, 0.8940213918685913, 0.2835385203361511], [0.6922075748443604, 0.44802433252334595, -0.565794050693512]], "translation": [0.4837855398654938, 0.31312528252601624, -0.39543482661247253]}, "1b5ae67e2ffb387341fbc1e2da054acb_20": {"rotation": [[-0.9224753975868225, 0.0, 0.3860558271408081], [0.18134289979934692, 0.8828088641166687, 0.43331652879714966], [-0.3408135175704956, 0.4697323441505432, -0.8143694996833801]], "translation": [-0.2756955027580261, 0.3799822926521301, -0.6587708592414856]}, "1b5ae67e2ffb387341fbc1e2da054acb_21": {"rotation": [[0.639415979385376, 0.0, -0.768860936164856], [-0.34893691539764404, 0.891085147857666, -0.29019010066986084], [0.6851205825805664, 0.4538361728191376, 0.5697740912437439]], "translation": [0.5958189964294434, 0.3946812152862549, 0.49550729990005493]}, "1b5ae67e2ffb387341fbc1e2da054acb_22": {"rotation": [[0.10895825177431107, -0.0, 0.9940463304519653], [0.44783836603164673, 0.892765998840332, -0.04908794164657593], [-0.8874507546424866, 0.4505206346511841, 0.09727422893047333]], "translation": [-0.5899291038513184, 0.29948166012763977, 0.0646626278758049]}, "1b5ae67e2ffb387341fbc1e2da054acb_23": {"rotation": [[0.4694513976573944, 0.0, -0.8829582929611206], [-0.42600998282432556, 0.8759068250656128, -0.22650106251239777], [0.7733892202377319, 0.4824802875518799, 0.41119569540023804]], "translation": [0.6338366866111755, 0.3954201936721802, 0.3369984030723572]}, "1be38f2624022098f71e06115e9c3b3e_00": {"rotation": [[0.32859718799591064, 0.0, -0.9444701671600342], [-0.40223777294158936, 0.9047762751579285, -0.13994534313678741], [0.8545341491699219, 0.42588722705841064, 0.29730692505836487]], "translation": [0.7203078269958496, 0.35899078845977783, 0.25060731172561646]}, "1be38f2624022098f71e06115e9c3b3e_01": {"rotation": [[0.9410164952278137, 0.0, -0.33836063742637634], [-0.14474596083164215, 0.9038800001144409, -0.4025537371635437], [0.3058374226093292, 0.42778605222702026, 0.850566029548645]], "translation": [0.2157110720872879, 0.30172300338745117, 0.5999151468276978]}, "1be38f2624022098f71e06115e9c3b3e_02": {"rotation": [[-0.9988897442817688, 0.0, -0.04710951820015907], [-0.022549482062458992, 0.8779999017715454, 0.47812941670417786], [0.04136215150356293, 0.47866085171699524, -0.8770250678062439]], "translation": [0.029726184904575348, 0.344004362821579, -0.6303011178970337]}, "1be38f2624022098f71e06115e9c3b3e_03": {"rotation": [[-0.4587315320968628, 0.0, -0.8885748982429504], [-0.376631498336792, 0.9057276248931885, 0.19443802535533905], [0.8048068881034851, 0.4238601624965668, -0.41548582911491394]], "translation": [0.5391121506690979, 0.2839291989803314, -0.27831950783729553]}, "1be38f2624022098f71e06115e9c3b3e_04": {"rotation": [[0.6658708453178406, -0.0, 0.7460670471191406], [0.32749873399734497, 0.8985032439231873, -0.2922952473163605], [-0.6703436374664307, 0.43896690011024475, 0.5982871055603027]], "translation": [-0.4563615322113037, 0.298843115568161, 0.4073063135147095]}, "1be38f2624022098f71e06115e9c3b3e_05": {"rotation": [[-0.9918766021728516, 0.0, -0.12720398604869843], [-0.05897964909672737, 0.8860121965408325, 0.45989546179771423], [0.11270427703857422, 0.4636619985103607, -0.878814697265625]], "translation": [0.08621563017368317, 0.35468849539756775, -0.6722687482833862]}, "1be38f2624022098f71e06115e9c3b3e_06": {"rotation": [[0.7824578881263733, 0.0, -0.622703492641449], [-0.2942574918270111, 0.8813047409057617, -0.36974915862083435], [0.5487915873527527, 0.47254833579063416, 0.6895838379859924]], "translation": [0.4866408109664917, 0.41903212666511536, 0.6114883422851562]}, "1be38f2624022098f71e06115e9c3b3e_07": {"rotation": [[0.7138097286224365, -0.0, 0.700339674949646], [0.31901025772094727, 0.890231728553772, -0.32514598965644836], [-0.6234645843505859, 0.45550793409347534, 0.6354560852050781]], "translation": [-0.5002454519271851, 0.3654831051826477, 0.5098670125007629]}, "1be38f2624022098f71e06115e9c3b3e_08": {"rotation": [[-0.9974237680435181, 0.0, 0.07173477858304977], [0.03114081174135208, 0.9008597135543823, 0.43299198150634766], [-0.06462297588586807, 0.4341103434562683, -0.8985388278961182]], "translation": [-0.04872419312596321, 0.32730892300605774, -0.6774770021438599]}, "1be38f2624022098f71e06115e9c3b3e_09": {"rotation": [[0.9921389818191528, -0.0, 0.1251409351825714], [0.05326342210173607, 0.904898464679718, -0.4222816228866577], [-0.1132398396730423, 0.4256274998188019, 0.8977850079536438]], "translation": [-0.08249340206384659, 0.31006279587745667, 0.6540219783782959]}, "1be38f2624022098f71e06115e9c3b3e_10": {"rotation": [[0.06526736915111542, 0.0, -0.9978678226470947], [-0.45584356784820557, 0.8895604014396667, -0.02981528267264366], [0.8876636624336243, 0.4568175971508026, 0.058059267699718475]], "translation": [0.7358521819114685, 0.3786909580230713, 0.04812975600361824]}, "1be38f2624022098f71e06115e9c3b3e_11": {"rotation": [[0.997083306312561, -0.0, 0.07632109522819519], [0.03715410456061363, 0.8735061883926392, -0.4853931665420532], [-0.06666694581508636, 0.4868130683898926, 0.8709583878517151]], "translation": [-0.05959727615118027, 0.4351891875267029, 0.7785980105400085]}, "1be38f2624022098f71e06115e9c3b3e_12": {"rotation": [[0.7193713188171387, 0.0, -0.694625735282898], [-0.34430551528930664, 0.8685106635093689, -0.35657113790512085], [0.6032898426055908, 0.49567052721977234, 0.624781608581543]], "translation": [0.5436208844184875, 0.44664573669433594, 0.5629870295524597]}, "1be38f2624022098f71e06115e9c3b3e_13": {"rotation": [[-0.9511226415634155, 0.0, -0.3088133931159973], [-0.13813339173793793, 0.894382119178772, 0.4254406988620758], [0.2761971950531006, 0.44730374217033386, -0.8506670594215393]], "translation": [0.20516471564769745, 0.33226603269577026, -0.6318923234939575]}, "1be38f2624022098f71e06115e9c3b3e_14": {"rotation": [[0.9282174706459045, 0.0, -0.3720380663871765], [-0.1634184718132019, 0.8983638882637024, -0.4077213704586029], [0.3342255651950836, 0.43925198912620544, 0.8338770866394043]], "translation": [0.2731949985027313, 0.35904327034950256, 0.6816086173057556]}, "1be38f2624022098f71e06115e9c3b3e_15": {"rotation": [[0.5979440808296204, -0.0, 0.801537811756134], [0.3604079484939575, 0.8932070732116699, -0.26886293292045593], [-0.7159392237663269, 0.44964560866355896, 0.5340878963470459]], "translation": [-0.579197347164154, 0.3637649118900299, 0.432079017162323]}, "1be38f2624022098f71e06115e9c3b3e_16": {"rotation": [[0.9670327305793762, 0.0, -0.2546520233154297], [-0.12329989671707153, 0.8749629855155945, -0.468227356672287], [0.22281108796596527, 0.4841897487640381, 0.8461179137229919]], "translation": [0.1911904662847519, 0.41547513008117676, 0.7260395884513855]}, "1be38f2624022098f71e06115e9c3b3e_17": {"rotation": [[0.9532550573348999, 0.0, -0.3021668791770935], [-0.13119801878929138, 0.9008210301399231, -0.4138943552970886], [0.27219828963279724, 0.434190571308136, 0.8587121963500977]], "translation": [0.24299991130828857, 0.38761547207832336, 0.766599178314209]}, "1be38f2624022098f71e06115e9c3b3e_18": {"rotation": [[0.6268777251243591, -0.0, 0.7791176438331604], [0.3300248682498932, 0.9058550000190735, -0.2655378580093384], [-0.7057676315307617, 0.42358797788619995, 0.5678603053092957]], "translation": [-0.47426730394363403, 0.28464600443840027, 0.381595253944397]}, "1be38f2624022098f71e06115e9c3b3e_19": {"rotation": [[-0.22563041746616364, 0.0, 0.9742129445075989], [0.4187110364437103, 0.9029269218444824, 0.09697462618350983], [-0.8796430826187134, 0.4297941327095032, -0.20372776687145233]], "translation": [-0.6105848550796509, 0.2983321249485016, -0.1414131373167038]}, "1be38f2624022098f71e06115e9c3b3e_20": {"rotation": [[0.6760600209236145, 0.0, -0.7368465662002563], [-0.3386487066745758, 0.888130247592926, -0.31071168184280396], [0.6544157266616821, 0.45959189534187317, 0.6004292964935303]], "translation": [0.48581141233444214, 0.3411821722984314, 0.4457341134548187]}, "1be38f2624022098f71e06115e9c3b3e_21": {"rotation": [[-0.9999231100082397, 0.0, -0.012401365675032139], [-0.006094498559832573, 0.8709127306938171, 0.4913999140262604], [0.010800506919622421, 0.491437703371048, -0.8708457350730896]], "translation": [0.008381192572414875, 0.3813556134700775, -0.6757762432098389]}, "1be38f2624022098f71e06115e9c3b3e_22": {"rotation": [[-0.9910171031951904, 0.0, -0.1337352693080902], [-0.0659262165427208, 0.8700516223907471, 0.4885323941707611], [0.11635658144950867, 0.4929606020450592, -0.8622360229492188]], "translation": [0.1028531864285469, 0.43575161695480347, -0.7621719241142273]}, "1be38f2624022098f71e06115e9c3b3e_23": {"rotation": [[-0.9792835712432861, 0.0, -0.20249369740486145], [-0.09638345241546631, 0.8794547319412231, 0.4661218523979187], [0.17808404564857483, 0.47598251700401306, -0.8612355589866638]], "translation": [0.14978304505348206, 0.40033969283103943, -0.7243686318397522]}, "1a38407b3036795d19fb4103277a6b93_00": {"rotation": [[0.23616790771484375, -0.0, 0.9717122912406921], [0.48215872049331665, 0.8682111501693726, -0.1171853244304657], [-0.8436514139175415, 0.4961949288845062, 0.20504361391067505]], "translation": [-0.750320315361023, 0.441302090883255, 0.18236012756824493]}, "1a38407b3036795d19fb4103277a6b93_01": {"rotation": [[0.783623456954956, -0.0, 0.6212360262870789], [0.30880358815193176, 0.8677051067352295, -0.3895229995250702], [-0.5390496850013733, 0.4970793128013611, 0.6799541115760803]], "translation": [-0.44333112239837646, 0.40881335735321045, 0.559215247631073]}, "1a38407b3036795d19fb4103277a6b93_02": {"rotation": [[-0.14379338920116425, 0.0, -0.9896077513694763], [-0.48017895221710205, 0.8743912577629089, 0.0697716474533081], [0.8653043508529663, 0.4852215051651001, -0.1257316917181015]], "translation": [0.6950799226760864, 0.38976773619651794, -0.10099749267101288]}, "1a38407b3036795d19fb4103277a6b93_03": {"rotation": [[0.9170175790786743, -0.0, 0.39884674549102783], [0.1692085564136505, 0.9055476784706116, -0.3890397250652313], [-0.36117473244667053, 0.42424455285072327, 0.8304031491279602]], "translation": [-0.2819506525993347, 0.3311860263347626, 0.6482532620429993]}, "1a38407b3036795d19fb4103277a6b93_04": {"rotation": [[-0.34510141611099243, 0.0, -0.9385653734207153], [-0.4081661105155945, 0.9004870057106018, 0.15007872879505157], [0.8451659083366394, 0.4348829686641693, -0.3107593357563019]], "translation": [0.6751413941383362, 0.34739625453948975, -0.24824294447898865]}, "1a38407b3036795d19fb4103277a6b93_05": {"rotation": [[0.7808964252471924, 0.0, -0.6246605515480042], [-0.27665460109710693, 0.896577000617981, -0.34584957361221313], [0.5600562691688538, 0.44288790225982666, 0.700133740901947]], "translation": [0.4827532172203064, 0.38175728917121887, 0.6034961938858032]}, "1a38407b3036795d19fb4103277a6b93_06": {"rotation": [[0.8677540421485901, 0.0, -0.49699389934539795], [-0.23464438319206238, 0.8815304040908813, -0.40969038009643555], [0.4381152093410492, 0.4721272885799408, 0.7649515271186829]], "translation": [0.40953677892684937, 0.441330224275589, 0.7150534391403198]}, "1a38407b3036795d19fb4103277a6b93_07": {"rotation": [[0.2529219090938568, -0.0, 0.9674866795539856], [0.4505365490913391, 0.8849546313285828, -0.11777997761964798], [-0.8561818599700928, 0.4656772315502167, 0.2238244265317917]], "translation": [-0.7285189628601074, 0.3962414264678955, 0.19045059382915497]}, "1a38407b3036795d19fb4103277a6b93_08": {"rotation": [[-0.2672053575515747, 0.0, -0.9636396169662476], [-0.4284471273422241, 0.8957225680351257, 0.11880309134721756], [0.8631536960601807, 0.4446134567260742, -0.2393418550491333]], "translation": [0.6273198127746582, 0.32313457131385803, -0.1739480197429657]}, "1a38407b3036795d19fb4103277a6b93_09": {"rotation": [[0.018277712166309357, 0.0, -0.9998329281806946], [-0.4830605089664459, 0.8755424618721008, -0.008830715902149677], [0.875396192073822, 0.4831412136554718, 0.01600291207432747]], "translation": [0.7802020907402039, 0.430602490901947, 0.014262691140174866]}, "1a38407b3036795d19fb4103277a6b93_10": {"rotation": [[-0.31086990237236023, 0.0, 0.950452446937561], [0.4714219272136688, 0.8683240413665771, 0.15419065952301025], [-0.8253006935119629, 0.4959973692893982, -0.2699357867240906]], "translation": [-0.6663937568664551, 0.4004959166049957, -0.21796120703220367]}, "1a38407b3036795d19fb4103277a6b93_11": {"rotation": [[-0.39075350761413574, 0.0, 0.920495331287384], [0.39452046155929565, 0.9034963250160217, 0.16747532784938812], [-0.8316641449928284, 0.42859581112861633, -0.3530443608760834]], "translation": [-0.5420055985450745, 0.2793211042881012, -0.23008328676223755]}, "1a38407b3036795d19fb4103277a6b93_12": {"rotation": [[-0.36083894968032837, 0.0, -0.9326281547546387], [-0.4226530194282532, 0.8914164900779724, 0.1635267734527588], [0.8313601613044739, 0.45318493247032166, -0.32165777683258057]], "translation": [0.6033325791358948, 0.32888421416282654, -0.23343268036842346]}, "1a38407b3036795d19fb4103277a6b93_13": {"rotation": [[-0.9965735673904419, 0.0, 0.08271092921495438], [0.0370606891810894, 0.893996000289917, 0.44653961062431335], [-0.07394324243068695, 0.44807490706443787, -0.8909327983856201]], "translation": [-0.06402210146188736, 0.3879556357860565, -0.7713942527770996]}, "1a38407b3036795d19fb4103277a6b93_14": {"rotation": [[-0.8625767230987549, 0.0, 0.505926251411438], [0.22447890043258667, 0.8961759209632874, 0.3827243149280548], [-0.4533989131450653, 0.44369885325431824, -0.7730205059051514]], "translation": [-0.3397640585899353, 0.3324951231479645, -0.5792793035507202]}, "1a38407b3036795d19fb4103277a6b93_15": {"rotation": [[0.8804488182067871, -0.0, 0.4741411805152893], [0.21279552578926086, 0.8936312198638916, -0.3951472043991089], [-0.42370736598968506, 0.44880202412605286, 0.7867965698242188]], "translation": [-0.3379723131656647, 0.35798919200897217, 0.6275922060012817]}, "1a38407b3036795d19fb4103277a6b93_16": {"rotation": [[0.992832362651825, 0.0, -0.11951509118080139], [-0.05205297842621803, 0.9001719355583191, -0.4324130117893219], [0.10758412629365921, 0.4355347752571106, 0.8937198519706726]], "translation": [0.09957324713468552, 0.40310415625572205, 0.827172040939331]}, "1a38407b3036795d19fb4103277a6b93_17": {"rotation": [[0.46016183495521545, 0.0, -0.8878350853919983], [-0.42025089263916016, 0.8808779716491699, -0.2178145945072174], [0.7820743322372437, 0.4733434319496155, 0.40534642338752747]], "translation": [0.53952556848526, 0.32654300332069397, 0.2796342372894287]}, "1a38407b3036795d19fb4103277a6b93_18": {"rotation": [[-0.5383003950119019, 0.0, -0.8427530527114868], [-0.36728447675704956, 0.9000362157821655, 0.23459942638874054], [0.7585082650184631, 0.43581506609916687, -0.4844898581504822]], "translation": [0.5469739437103271, 0.3142740726470947, -0.34937432408332825]}, "1a38407b3036795d19fb4103277a6b93_19": {"rotation": [[-0.9847589135169983, 0.0, 0.17392481863498688], [0.08570125699043274, 0.8701715469360352, 0.48523882031440735], [-0.151344433426857, 0.49274885654449463, -0.8569092154502869]], "translation": [-0.1020778939127922, 0.3323463201522827, -0.5779630541801453]}, "1a38407b3036795d19fb4103277a6b93_20": {"rotation": [[-0.34845682978630066, 0.0, 0.9373248219490051], [0.4254235029220581, 0.8910679817199707, 0.15815405547618866], [-0.8352201581001282, 0.45386984944343567, -0.3104987144470215]], "translation": [-0.6700679659843445, 0.3641239404678345, -0.24910227954387665]}, "1a38407b3036795d19fb4103277a6b93_21": {"rotation": [[-0.6893623471260071, 0.0, -0.7244167327880859], [-0.3254285752773285, 0.8934169411659241, 0.30968114733695984], [0.64720618724823, 0.4492284059524536, -0.6158879995346069]], "translation": [0.4449978470802307, 0.30887478590011597, -0.42346447706222534]}, "1a38407b3036795d19fb4103277a6b93_22": {"rotation": [[0.602544367313385, -0.0, 0.7980853915214539], [0.36341744661331177, 0.8903065919876099, -0.2743755578994751], [-0.7105407118797302, 0.45536160469055176, 0.5364491939544678]], "translation": [-0.6235604286193848, 0.39961889386177063, 0.4707801938056946]}, "1a38407b3036795d19fb4103277a6b93_23": {"rotation": [[0.9603703022003174, 0.0, -0.2787271738052368], [-0.1251925379037857, 0.8934523463249207, -0.4313580095767975], [0.24902945756912231, 0.4491579830646515, 0.8580451011657715]], "translation": [0.1736946702003479, 0.3132816255092621, 0.5984748601913452]}, "1c08f2aa305f124262e682c9809bff14_00": {"rotation": [[0.6143571734428406, 0.0, -0.7890280485153198], [-0.36526408791542053, 0.886395275592804, -0.28440386056900024], [0.699390709400177, 0.4629291594028473, 0.5445632934570312]], "translation": [0.580304741859436, 0.38410574197769165, 0.45183995366096497]}, "1c08f2aa305f124262e682c9809bff14_01": {"rotation": [[0.8556064367294312, 0.0, -0.517626941204071], [-0.22660832107067108, 0.8990806341171265, -0.37457001209259033], [0.46538835763931274, 0.4377830922603607, 0.7692591547966003]], "translation": [0.4153560400009155, 0.3907185196876526, 0.686558723449707]}, "1c08f2aa305f124262e682c9809bff14_02": {"rotation": [[0.6494613289833069, -0.0, 0.7603946328163147], [0.3479897081851959, 0.8891357779502869, -0.2972217798233032], [-0.6760940551757812, 0.4576435387134552, 0.5774592757225037]], "translation": [-0.5271426439285278, 0.3568193316459656, 0.45023828744888306]}, "1c08f2aa305f124262e682c9809bff14_03": {"rotation": [[0.28614670038223267, 0.0, -0.9581857919692993], [-0.45198675990104675, 0.8817532062530518, -0.1349785327911377], [0.8448834419250488, 0.4717109799385071, 0.25231078267097473]], "translation": [0.5576281547546387, 0.311332106590271, 0.16652663052082062]}, "1c08f2aa305f124262e682c9809bff14_04": {"rotation": [[0.7554562091827393, 0.0, -0.6551991701126099], [-0.2880023121833801, 0.8982110023498535, -0.3320717513561249], [0.5885071158409119, 0.4395645558834076, 0.6785590648651123]], "translation": [0.4891189932823181, 0.3653301000595093, 0.5639628171920776]}, "1c08f2aa305f124262e682c9809bff14_05": {"rotation": [[0.5155181884765625, -0.0, 0.8568786382675171], [0.38151925802230835, 0.8954097628593445, -0.22953090071678162], [-0.7672575116157532, 0.44524306058883667, 0.46160000562667847]], "translation": [-0.7102773785591125, 0.4121772348880768, 0.4273194372653961]}, "1c08f2aa305f124262e682c9809bff14_06": {"rotation": [[0.9983886480331421, -0.0, 0.05674634128808975], [0.02743346430361271, 0.875377357006073, -0.4826612174510956], [-0.049674466252326965, 0.48344022035598755, 0.8739668130874634]], "translation": [-0.03526895493268967, 0.34324339032173157, 0.620517909526825]}, "1c08f2aa305f124262e682c9809bff14_07": {"rotation": [[-0.9266281127929688, 0.0, 0.37597912549972534], [0.17571264505386353, 0.8840740919113159, 0.43305668234825134], [-0.3323934078216553, 0.46734678745269775, -0.8192079067230225]], "translation": [-0.2581060528755188, 0.3628983795642853, -0.6361212730407715]}, "1c08f2aa305f124262e682c9809bff14_08": {"rotation": [[0.706828236579895, -0.0, 0.707385241985321], [0.300414502620697, 0.9053421020507812, -0.3001779615879059], [-0.6404256224632263, 0.4246830344200134, 0.6399213671684265]], "translation": [-0.5107618570327759, 0.3386995792388916, 0.5103597044944763]}, "1c08f2aa305f124262e682c9809bff14_09": {"rotation": [[0.6313605308532715, 0.0, -0.7754894495010376], [-0.3747042417526245, 0.8755187392234802, -0.305063396692276], [0.6789555549621582, 0.48318418860435486, 0.5527679324150085]], "translation": [0.5644940733909607, 0.40172675251960754, 0.45957979559898376]}, "1c08f2aa305f124262e682c9809bff14_10": {"rotation": [[-0.6088182926177979, 0.0, 0.79330974817276], [0.3452831208705902, 0.9003126621246338, 0.2649843692779541], [-0.7142267823219299, 0.43524375557899475, -0.5481268167495728]], "translation": [-0.5985076427459717, 0.3647255003452301, -0.45931920409202576]}, "1c08f2aa305f124262e682c9809bff14_11": {"rotation": [[0.695341944694519, -0.0, 0.7186790108680725], [0.33735883235931396, 0.8829776048660278, -0.32640406489372253], [-0.6345774531364441, 0.46941515803337097, 0.6139713525772095]], "translation": [-0.5076525807380676, 0.37552517652511597, 0.4911680221557617]}, "1c08f2aa305f124262e682c9809bff14_12": {"rotation": [[0.8794520497322083, 0.0, -0.4759874641895294], [-0.21098311245441437, 0.896396279335022, -0.3898202180862427], [0.42667341232299805, 0.4432535171508789, 0.7883375883102417]], "translation": [0.36815038323402405, 0.38245633244514465, 0.6802082657814026]}, "1c08f2aa305f124262e682c9809bff14_13": {"rotation": [[-0.6364174485206604, 0.0, 0.771344780921936], [0.34708404541015625, 0.8930423259735107, 0.2863704264163971], [-0.6888435482978821, 0.44997259974479675, -0.5683477520942688]], "translation": [-0.6539942026138306, 0.4272080063819885, -0.5395944118499756]}, "1c08f2aa305f124262e682c9809bff14_14": {"rotation": [[-0.2670925259590149, 0.0, -0.9636709094047546], [-0.47236186265945435, 0.8716272711753845, 0.13092055916786194], [0.8399618268013, 0.4901692867279053, -0.23280513286590576]], "translation": [0.76286780834198, 0.44518017768859863, -0.2114376276731491]}, "1c08f2aa305f124262e682c9809bff14_15": {"rotation": [[-0.7020636200904846, 0.0, -0.7121142745018005], [-0.32984429597854614, 0.8862589597702026, 0.32518893480300903], [0.6311176419258118, 0.46319013833999634, -0.6222101449966431]], "translation": [0.5124621987342834, 0.37610650062561035, -0.5052294135093689]}, "1c08f2aa305f124262e682c9809bff14_16": {"rotation": [[-0.7170582413673401, 0.0, 0.697013258934021], [0.32043424248695374, 0.8880614638328552, 0.329649418592453], [-0.6189906001091003, 0.4597247540950775, -0.6367917656898499]], "translation": [-0.5597148537635803, 0.41570061445236206, -0.5758113265037537]}, "1c08f2aa305f124262e682c9809bff14_17": {"rotation": [[-0.9968372583389282, 0.0, -0.07947009801864624], [-0.03621990233659744, 0.8900987505912781, 0.45432624220848083], [0.07073623687028885, 0.4557677209377289, -0.8872836232185364]], "translation": [0.06486453115940094, 0.4179351329803467, -0.813631534576416]}, "1c08f2aa305f124262e682c9809bff14_18": {"rotation": [[0.9428856372833252, -0.0, 0.33311665058135986], [0.14735983312129974, 0.8968340754508972, -0.41710153222084045], [-0.2987503707408905, 0.4423670470714569, 0.8456119894981384]], "translation": [-0.20627480745315552, 0.30543622374534607, 0.5838602185249329]}, "1c08f2aa305f124262e682c9809bff14_19": {"rotation": [[-0.9685708284378052, 0.0, 0.24873800575733185], [0.11697567254304886, 0.8825190663337708, 0.455496221780777], [-0.21951603889465332, 0.4702766537666321, -0.8547821640968323]], "translation": [-0.1714683622121811, 0.3673425018787384, -0.6676874756813049]}, "1c08f2aa305f124262e682c9809bff14_20": {"rotation": [[0.06077719107270241, -0.0, 0.9981513619422913], [0.47176164388656616, 0.8812580704689026, -0.028725450858473778], [-0.8796289563179016, 0.4726353585720062, 0.05356039106845856]], "translation": [-0.8033326864242554, 0.4316404461860657, 0.04891473054885864]}, "1c08f2aa305f124262e682c9809bff14_21": {"rotation": [[-0.5249036550521851, 0.0, -0.8511616587638855], [-0.3761023283004761, 0.897079348564148, 0.23193886876106262], [0.7635595798492432, 0.44186943769454956, -0.4708802402019501]], "translation": [0.5204602479934692, 0.3011886775493622, -0.3209631145000458]}, "1c08f2aa305f124262e682c9809bff14_22": {"rotation": [[-0.9176868200302124, 0.0, 0.3973044753074646], [0.16843172907829285, 0.9056921005249023, 0.38904064893722534], [-0.35983550548553467, 0.4239361584186554, -0.8311417102813721]], "translation": [-0.3068688213825226, 0.3615340292453766, -0.7088001370429993]}, "1c08f2aa305f124262e682c9809bff14_23": {"rotation": [[0.18417011201381683, -0.0, 0.9828943610191345], [0.43593576550483704, 0.8962632417678833, -0.08168359100818634], [-0.880932092666626, 0.44352251291275024, 0.16506490111351013]], "translation": [-0.7589487433433533, 0.38210758566856384, 0.14220823347568512]}, "1b8e84935fdc3ec82be289de70e8db31_00": {"rotation": [[0.23616790771484375, -0.0, 0.9717122912406921], [0.48215872049331665, 0.8682111501693726, -0.1171853244304657], [-0.8436514139175415, 0.4961949288845062, 0.20504361391067505]], "translation": [-0.750320315361023, 0.441302090883255, 0.18236012756824493]}, "1b8e84935fdc3ec82be289de70e8db31_01": {"rotation": [[0.783623456954956, -0.0, 0.6212360262870789], [0.30880358815193176, 0.8677051067352295, -0.3895229995250702], [-0.5390496850013733, 0.4970793128013611, 0.6799541115760803]], "translation": [-0.44333112239837646, 0.40881335735321045, 0.559215247631073]}, "1b8e84935fdc3ec82be289de70e8db31_02": {"rotation": [[-0.14379338920116425, 0.0, -0.9896077513694763], [-0.48017895221710205, 0.8743912577629089, 0.0697716474533081], [0.8653043508529663, 0.4852215051651001, -0.1257316917181015]], "translation": [0.6950799226760864, 0.38976773619651794, -0.10099749267101288]}, "1b8e84935fdc3ec82be289de70e8db31_03": {"rotation": [[0.9170175790786743, -0.0, 0.39884674549102783], [0.1692085564136505, 0.9055476784706116, -0.3890397250652313], [-0.36117473244667053, 0.42424455285072327, 0.8304031491279602]], "translation": [-0.2819506525993347, 0.3311860263347626, 0.6482532620429993]}, "1b8e84935fdc3ec82be289de70e8db31_04": {"rotation": [[-0.34510141611099243, 0.0, -0.9385653734207153], [-0.4081661105155945, 0.9004870057106018, 0.15007872879505157], [0.8451659083366394, 0.4348829686641693, -0.3107593357563019]], "translation": [0.6751413941383362, 0.34739625453948975, -0.24824294447898865]}, "1b8e84935fdc3ec82be289de70e8db31_05": {"rotation": [[0.7808964252471924, 0.0, -0.6246605515480042], [-0.27665460109710693, 0.896577000617981, -0.34584957361221313], [0.5600562691688538, 0.44288790225982666, 0.700133740901947]], "translation": [0.4827532172203064, 0.38175728917121887, 0.6034961938858032]}, "1b8e84935fdc3ec82be289de70e8db31_06": {"rotation": [[0.8677540421485901, 0.0, -0.49699389934539795], [-0.23464438319206238, 0.8815304040908813, -0.40969038009643555], [0.4381152093410492, 0.4721272885799408, 0.7649515271186829]], "translation": [0.40953677892684937, 0.441330224275589, 0.7150534391403198]}, "1b8e84935fdc3ec82be289de70e8db31_07": {"rotation": [[0.2529219090938568, -0.0, 0.9674866795539856], [0.4505365490913391, 0.8849546313285828, -0.11777997761964798], [-0.8561818599700928, 0.4656772315502167, 0.2238244265317917]], "translation": [-0.7285189628601074, 0.3962414264678955, 0.19045059382915497]}, "1b8e84935fdc3ec82be289de70e8db31_08": {"rotation": [[-0.2672053575515747, 0.0, -0.9636396169662476], [-0.4284471273422241, 0.8957225680351257, 0.11880309134721756], [0.8631536960601807, 0.4446134567260742, -0.2393418550491333]], "translation": [0.6273198127746582, 0.32313457131385803, -0.1739480197429657]}, "1b8e84935fdc3ec82be289de70e8db31_09": {"rotation": [[0.018277712166309357, 0.0, -0.9998329281806946], [-0.4830605089664459, 0.8755424618721008, -0.008830715902149677], [0.875396192073822, 0.4831412136554718, 0.01600291207432747]], "translation": [0.7802020907402039, 0.430602490901947, 0.014262691140174866]}, "1b8e84935fdc3ec82be289de70e8db31_10": {"rotation": [[-0.31086990237236023, 0.0, 0.950452446937561], [0.4714219272136688, 0.8683240413665771, 0.15419065952301025], [-0.8253006935119629, 0.4959973692893982, -0.2699357867240906]], "translation": [-0.6663937568664551, 0.4004959166049957, -0.21796120703220367]}, "1b8e84935fdc3ec82be289de70e8db31_11": {"rotation": [[-0.39075350761413574, 0.0, 0.920495331287384], [0.39452046155929565, 0.9034963250160217, 0.16747532784938812], [-0.8316641449928284, 0.42859581112861633, -0.3530443608760834]], "translation": [-0.5420055985450745, 0.2793211042881012, -0.23008328676223755]}, "1b8e84935fdc3ec82be289de70e8db31_12": {"rotation": [[-0.36083894968032837, 0.0, -0.9326281547546387], [-0.4226530194282532, 0.8914164900779724, 0.1635267734527588], [0.8313601613044739, 0.45318493247032166, -0.32165777683258057]], "translation": [0.6033325791358948, 0.32888421416282654, -0.23343268036842346]}, "1b8e84935fdc3ec82be289de70e8db31_13": {"rotation": [[-0.9965735673904419, 0.0, 0.08271092921495438], [0.0370606891810894, 0.893996000289917, 0.44653961062431335], [-0.07394324243068695, 0.44807490706443787, -0.8909327983856201]], "translation": [-0.06402210146188736, 0.3879556357860565, -0.7713942527770996]}, "1b8e84935fdc3ec82be289de70e8db31_14": {"rotation": [[-0.8625767230987549, 0.0, 0.505926251411438], [0.22447890043258667, 0.8961759209632874, 0.3827243149280548], [-0.4533989131450653, 0.44369885325431824, -0.7730205059051514]], "translation": [-0.3397640585899353, 0.3324951231479645, -0.5792793035507202]}, "1b8e84935fdc3ec82be289de70e8db31_15": {"rotation": [[0.8804488182067871, -0.0, 0.4741411805152893], [0.21279552578926086, 0.8936312198638916, -0.3951472043991089], [-0.42370736598968506, 0.44880202412605286, 0.7867965698242188]], "translation": [-0.3379723131656647, 0.35798919200897217, 0.6275922060012817]}, "1b8e84935fdc3ec82be289de70e8db31_16": {"rotation": [[0.992832362651825, 0.0, -0.11951509118080139], [-0.05205297842621803, 0.9001719355583191, -0.4324130117893219], [0.10758412629365921, 0.4355347752571106, 0.8937198519706726]], "translation": [0.09957324713468552, 0.40310415625572205, 0.827172040939331]}, "1b8e84935fdc3ec82be289de70e8db31_17": {"rotation": [[0.46016183495521545, 0.0, -0.8878350853919983], [-0.42025089263916016, 0.8808779716491699, -0.2178145945072174], [0.7820743322372437, 0.4733434319496155, 0.40534642338752747]], "translation": [0.53952556848526, 0.32654300332069397, 0.2796342372894287]}, "1b8e84935fdc3ec82be289de70e8db31_18": {"rotation": [[-0.5383003950119019, 0.0, -0.8427530527114868], [-0.36728447675704956, 0.9000362157821655, 0.23459942638874054], [0.7585082650184631, 0.43581506609916687, -0.4844898581504822]], "translation": [0.5469739437103271, 0.3142740726470947, -0.34937432408332825]}, "1b8e84935fdc3ec82be289de70e8db31_19": {"rotation": [[-0.9847589135169983, 0.0, 0.17392481863498688], [0.08570125699043274, 0.8701715469360352, 0.48523882031440735], [-0.151344433426857, 0.49274885654449463, -0.8569092154502869]], "translation": [-0.1020778939127922, 0.3323463201522827, -0.5779630541801453]}, "1b8e84935fdc3ec82be289de70e8db31_20": {"rotation": [[-0.34845682978630066, 0.0, 0.9373248219490051], [0.4254235029220581, 0.8910679817199707, 0.15815405547618866], [-0.8352201581001282, 0.45386984944343567, -0.3104987144470215]], "translation": [-0.6700679659843445, 0.3641239404678345, -0.24910227954387665]}, "1b8e84935fdc3ec82be289de70e8db31_21": {"rotation": [[-0.6893623471260071, 0.0, -0.7244167327880859], [-0.3254285752773285, 0.8934169411659241, 0.30968114733695984], [0.64720618724823, 0.4492284059524536, -0.6158879995346069]], "translation": [0.4449978470802307, 0.30887478590011597, -0.42346447706222534]}, "1b8e84935fdc3ec82be289de70e8db31_22": {"rotation": [[0.602544367313385, -0.0, 0.7980853915214539], [0.36341744661331177, 0.8903065919876099, -0.2743755578994751], [-0.7105407118797302, 0.45536160469055176, 0.5364491939544678]], "translation": [-0.6235604286193848, 0.39961889386177063, 0.4707801938056946]}, "1b8e84935fdc3ec82be289de70e8db31_23": {"rotation": [[0.9603703022003174, 0.0, -0.2787271738052368], [-0.1251925379037857, 0.8934523463249207, -0.4313580095767975], [0.24902945756912231, 0.4491579830646515, 0.8580451011657715]], "translation": [0.1736946702003479, 0.3132816255092621, 0.5984748601913452]}, "1c5d66f3e7352cbf310af74324aae27f_00": {"rotation": [[-0.952346682548523, 0.0, 0.30501773953437805], [0.13762585818767548, 0.8924197554588318, 0.4297046363353729], [-0.27220386266708374, 0.45120611786842346, -0.8498929738998413]], "translation": [-0.17706653475761414, 0.29350611567497253, -0.5528489351272583]}, "1c5d66f3e7352cbf310af74324aae27f_01": {"rotation": [[0.7985628247261047, -0.0, 0.6019114851951599], [0.2681828439235687, 0.8952561020851135, -0.35580119490623474], [-0.5388649106025696, 0.44555193185806274, 0.7149181962013245]], "translation": [-0.4483022391796112, 0.3706716001033783, 0.5947676301002502]}, "1c5d66f3e7352cbf310af74324aae27f_02": {"rotation": [[-0.6183443665504456, 0.0, 0.7859072685241699], [0.37012213468551636, 0.8821605443954468, 0.29120856523513794], [-0.6932963728904724, 0.47094884514808655, -0.5454789400100708]], "translation": [-0.4976467788219452, 0.3380461633205414, -0.3915437161922455]}, "1c5d66f3e7352cbf310af74324aae27f_03": {"rotation": [[-0.9773274660110474, 0.0, 0.21173346042633057], [0.10046660900115967, 0.8802578449249268, 0.4637376070022583], [-0.1863800436258316, 0.47449564933776855, -0.8603001832962036]], "translation": [-0.12686923146247864, 0.3229900598526001, -0.5856078863143921]}, "1c5d66f3e7352cbf310af74324aae27f_04": {"rotation": [[0.023723216727375984, 0.0, -0.9997185468673706], [-0.4505020081996918, 0.8927114009857178, -0.010690364986658096], [0.8924601674079895, 0.4506288170814514, 0.02117798663675785]], "translation": [0.6094309091567993, 0.3077192008495331, 0.014461731538176537]}, "1c5d66f3e7352cbf310af74324aae27f_05": {"rotation": [[0.6976836919784546, -0.0, 0.7164059281349182], [0.35330623388290405, 0.8699358701705933, -0.3440730571746826], [-0.6232272386550903, 0.4931648373603821, 0.6069400906562805]], "translation": [-0.5136853456497192, 0.4064834415912628, 0.5002608895301819]}, "1c5d66f3e7352cbf310af74324aae27f_06": {"rotation": [[-0.19592633843421936, 0.0, 0.9806185960769653], [0.4830966591835022, 0.870230495929718, 0.09652209281921387], [-0.8533642292022705, 0.4926447868347168, -0.17050106823444366]], "translation": [-0.6750607490539551, 0.3897106945514679, -0.13487626612186432]}, "1c5d66f3e7352cbf310af74324aae27f_07": {"rotation": [[0.6190699338912964, -0.0, 0.7853358387947083], [0.36770540475845337, 0.8836150169372559, -0.2898573577404022], [-0.6939345002174377, 0.4682141840457916, 0.5470194816589355]], "translation": [-0.6042636036872864, 0.40771108865737915, 0.4763331115245819]}, "1c5d66f3e7352cbf310af74324aae27f_08": {"rotation": [[0.11478845030069351, 0.0, -0.9933899641036987], [-0.4350581765174866, 0.8989978432655334, -0.050271954387426376], [0.8930554389953613, 0.43795305490493774, 0.10319457203149796]], "translation": [0.7907854318618774, 0.387800008058548, 0.09137704223394394]}